%Aula 2

rate = 1000;            %pps
capacity = 10*10^6;
delay = 10*10^-6;
x = 64:1518;